11822
19392
8669
7982
16572
18626
18212
18946
16024
14908
13482
17653
12977
16975
7558
11541
8239
18254
9088
5520
17284
15377
6027
8268
12580
14626
18111
16065
8902
11650
14921
9361
5280
15614
13481
16607
15187
8389
8032
5207
9303
13460
11811
7365
16652
17922
14021
10393
11225
12272
6938
7890
16276
6876
13191
9417
11700
7948
6497
5547
15100
7243
17439
8978
10332
8824
12972
14523
11797
13761
7247
6395
16010
9863
19117
12572
9063
19090
14758
15443
14617
19317
19764
6606
17061
17160
19222
9682
11231
7596
7880
9710
6157
6965
7685
16507
12710
13526
13832
16332
8217
13807
7095
7297
12944
15830
13767
11787
9732
16044
8069
15441
19421
18199
19844
16183
13839
17385
9874
18415
13987
6238
8396
9394
9522
19908
8121
6253
19366
10565
18977
13129
8612
12954
14505
13112
14849
5777
9643
7244
12505
11545
7088
17471
17662
18660
15715
17484
12830
14638
12207
9006
5557
14848
16866
11932
5146
7589
12967
11680
11243
7145
15076
10486
6690
17573
9460
17375
19715
8050
6332
10707
5716
12453
18531
19528
12523
9829
18275
7960
6350
10775
19281
14318
5678
18511
5992
11435
16697
12486
5340
13513
5771
19027
5183
9003
5814
17999
19464
19898
12731
9818
7713
14055
17708
14841
9117
8417
19642
16057
6750
12952
12281
13377
17887
19930
15519
10125
19046
12772
8433
6776
14084
16353
15328
13824
5181
12959
8408
7666
15770
19092
16652
18158
15532
10432
15625
13531
9617
16614
8028
8229
17601
12553
18963
7618
11019
12429
13703
13167
7907
8493
8788
9506
10391
6705
18290
11210
13517
12010
6476
6195
12867
19899
9326
19324
8506
13952
8542
5183
16409
16673
10107
13272
11779
17090
12928
5588
16691
16720
5653
9356
9852
12352
11614
9483
6030
15458
12440
9476
12383
10757
7948
10108
15149
11368
6757
8709
12680
5129
7868
13679
14043
12311
14504
18059
16675
18568
13233
17879
10525
9735
18262
16958
7427
7214
10556
16574
7388
5292
19343
15791
10306
14487
8883
18482
18287
12922
10497
7313
12866
7176
15263
11325
16665
10002
5886
8518
18589
18702
19891
13134
18860
6867
18637
5140
13261
19948
14252
19203
9102
15516
15789
14707
8325
11395
15696
12076
13597
10891
18528
10434
12218
17049
12587
